comm: 0.0329559657 seconds
comp: 0.2755965284 seconds
total: 0.3085524941 seconds
