comm: 0.2127053688 seconds
comp: 0.0174142225 seconds
total: 0.2301195912 seconds
