comm: 0.0116205487 seconds
comp: 9.0052927778 seconds
total: 9.0169133265 seconds
