comm: 0.8534642276 seconds
comp: 0.0086263567 seconds
total: 0.8620905844 seconds
