comm: 0.9173674991 seconds
comp: 0.0086333777 seconds
total: 0.9260008768 seconds
