comm: 1.0651704909 seconds
comp: 0.0086171343 seconds
total: 1.0737876252 seconds
