comm: 0.8799071547 seconds
comp: 0.0086253432 seconds
total: 0.8885324979 seconds
