comm: 0.8548686944 seconds
comp: 0.0086095084 seconds
total: 0.8634782028 seconds
