comm: 0.0759102836 seconds
comp: 0.0690001433 seconds
total: 0.1449104269 seconds
