comm: 0.0345491125 seconds
comp: 1.2183946498 seconds
total: 1.2529437623 seconds
