comm: 0.0389265239 seconds
comp: 0.0684560120 seconds
total: 0.1073825359 seconds
