comm: 0.0051340630 seconds
comp: 10.8500654894 seconds
total: 10.8551995524 seconds
